01;B17414              ;20161128;7591472900101       ;FARMATODO                                         ;OC 3265886     ;20161228;0.00;0.00;30 DIAS                                                     ;0030;OC 3265886                                                                                                                                                                                                                                                                                                                                                    ;0;4308.00;5606316.00;0.00;672757.92;6279073.92;887                 ;INDUSTRIAS CORAMODIO C.A.                         ;                                   ;                                   ;12.00;0.00;0.00;0.00;0.00;0.00;0.00;0.00;0.00
02;B17414              ;7591404000176 ;GELY-0502           ;                    ;LYMAGEL ROSADO 300g                                                                                 ;24.00;360.00;0.00;1;1875.00;0.00;675000.00;12.00;81000.00;0.00;0.00;                    ;        ;887                 ;0.00;0.00;0.00;0.00;0.00;0.00;
02;B17414              ;7591404001043 ;LOCN-0510           ;                    ;BODY LOT. FRAMBUESA COQUETA 230ml                                                                   ;12.00;828.00;0.00;1;1225.00;0.00;1014300.00;12.00;121676.26;0.00;0.00;                    ;        ;887                 ;0.00;0.00;0.00;0.00;0.00;0.00;
02;B17414              ;7591404002064 ;LOCC-0501           ;                    ;LOCN.CORP.ACEITE ROSA MOSQUETA 200Cm3                                                               ;12.00;288.00;0.00;1;1560.00;0.00;449280.00;12.00;53913.60;0.00;0.00;                    ;        ;887                 ;0.00;0.00;0.00;0.00;0.00;0.00;
02;B17414              ;7591404001036 ;LOCN-0508           ;                    ;BODY LOT. NARANJA ENSUEÑO N/F 230ml                                                                 ;12.00;696.00;0.00;1;1225.00;0.00;852600.00;12.00;102278.59;0.00;0.00;                    ;        ;887                 ;0.00;0.00;0.00;0.00;0.00;0.00;
02;B17414              ;7591404001906 ;LOCN-0505           ;                    ;BODY LOT. FRESCA VAINILLA 230ml                                                                     ;12.00;1152.00;0.00;1;1225.00;0.00;1411200.00;12.00;169288.70;0.00;0.00;                    ;        ;887                 ;0.00;0.00;0.00;0.00;0.00;0.00;
02;B17414              ;7591404001913 ;LOCN-0506           ;                    ;BODY LOT. HISTORIA DE AMOR N/F 230ml                                                                ;12.00;984.00;0.00;1;1225.00;0.00;1205400.00;12.00;144600.77;0.00;0.00;                    ;        ;887                 ;0.00;0.00;0.00;0.00;0.00;0.00;
01;B17406              ;20161124;7591472900101       ;FARMATODO                                         ;O/C 3264792    ;20161224;0.00;0.00;30 DIAS                                                     ;0030;O/C 3264792                                                                                                                                                                                                                                                                                                                                                   ;0;33600.00;20017548.00;0.00;2402105.76;22419653.76;887                 ;INDUSTRIAS CORAMODIO C.A.                         ;                                   ;                                   ;12.00;0.00;0.00;0.00;0.00;0.00;0.00;0.00;0.00
02;B17406              ;7591404002286 ;GELA-0513           ;                    ;PUREZA TEENS C/ALOE UVA 80g                                                                         ;24.00;14520.00;0.00;1;500.00;0.00;7260000.00;12.00;871200.00;0.00;0.00;                    ;        ;887                 ;0.00;0.00;0.00;0.00;0.00;0.00;
02;B17406              ;7591404002279 ;GELA-0514           ;                    ;PUREZA TEENS C/ALOE TUTTYFRUTTY 80g                                                                 ;24.00;7992.00;0.00;1;500.00;0.00;3996000.00;12.00;479520.00;0.00;0.00;                    ;        ;887                 ;0.00;0.00;0.00;0.00;0.00;0.00;
02;B17406              ;7591404002262 ;GELA-0515           ;                    ;PUREZA TEENS C/ALOE MANDARINA 80g                                                                   ;24.00;6000.00;0.00;1;500.00;0.00;3000000.00;12.00;360000.00;0.00;0.00;                    ;        ;887                 ;0.00;0.00;0.00;0.00;0.00;0.00;
02;B17406              ;7591404002354 ;GELA-0520           ;                    ;PUREZA C/VALVULA 1L                                                                                 ;12.00;468.00;0.00;1;3168.00;0.00;1482624.00;12.00;177914.88;0.00;0.00;                    ;        ;887                 ;0.00;0.00;0.00;0.00;0.00;0.00;
02;B17406              ;7591404002484 ;GELC-0505           ;                    ;ICE GEL ROLL ON 60g                                                                                 ;24.00;624.00;0.00;1;780.00;0.00;486720.00;12.00;58406.40;0.00;0.00;                    ;        ;887                 ;0.00;0.00;0.00;0.00;0.00;0.00;
02;B17406              ;7591404002200 ;GELC-0504           ;                    ;GEL DE ARNICA 80g                                                                                   ;12.00;3996.00;0.00;1;949.00;0.00;3792204.00;12.00;455064.48;0.00;0.00;                    ;        ;887                 ;0.00;0.00;0.00;0.00;0.00;0.00;
01;B17405              ;20161124;7591472900101       ;FARMATODO                                         ;O/C 3264792    ;20161224;0.00;0.00;30 DIAS                                                     ;0030;O/C 3264792                                                                                                                                                                                                                                                                                                                                                   ;0;11292.00;8087400.00;0.00;970488.00;9057888.00;887                 ;INDUSTRIAS CORAMODIO C.A.                         ;                                   ;                                   ;12.00;0.00;0.00;0.00;0.00;0.00;0.00;0.00;0.00
02;B17405              ;7591404002231 ;GELA-0509           ;                    ;PUREZA CON ALOE VERA 80g                                                                            ;24.00;4464.00;0.00;1;412.00;0.00;1839168.00;12.00;220968.00;0.00;0.00;                    ;        ;887                 ;0.00;0.00;0.00;0.00;0.00;0.00;
02;B17405              ;7591404002217 ;GELA-0508           ;                    ;PUREZA CON ALOE VERA 200g                                                                           ;12.00;4704.00;0.00;1;750.00;0.00;3528000.00;12.00;423360.00;0.00;0.00;                    ;        ;887                 ;0.00;0.00;0.00;0.00;0.00;0.00;
02;B17405              ;7591404002248 ;GELA-0510           ;                    ;PUREZA CON ALOE VERA 1L                                                                             ;12.00;504.00;0.00;1;1375.00;0.00;693000.00;12.00;83160.00;0.00;0.00;                    ;        ;887                 ;0.00;0.00;0.00;0.00;0.00;0.00;
02;B17405              ;7591404001869 ;GELA-0503           ;                    ;PUREZA  1L                                                                                          ;12.00;1620.00;0.00;1;1250.00;0.00;2025000.00;12.00;243000.00;0.00;0.00;                    ;        ;887                 ;0.00;0.00;0.00;0.00;0.00;0.00;
01;B17368              ;20161116;7591472900101       ;FARMATODO                                         ;OC 3264338     ;20161216;0.00;0.00;30 DIAS                                                     ;0030;OC 3264338                                                                                                                                                                                                                                                                                                                                                    ;0;4008.00;5979576.00;0.00;717549.12;6697125.12;887                 ;INDUSTRIAS CORAMODIO C.A.                         ;                                   ;                                   ;12.00;0.00;0.00;0.00;0.00;0.00;0.00;0.00;0.00
02;B17368              ;7591404000152 ;GELY-0501           ;                    ;LYMAGEL PREMIUM 250g                                                                                ;12.00;120.00;0.00;1;2500.00;0.00;300000.00;12.00;36000.00;0.00;0.00;                    ;        ;887                 ;0.00;0.00;0.00;0.00;0.00;0.00;
02;B17368              ;7591404000176 ;GELY-0502           ;                    ;LYMAGEL ROSADO 300g                                                                                 ;24.00;96.00;0.00;1;1875.00;0.00;180000.00;12.00;21600.00;0.00;0.00;                    ;        ;887                 ;0.00;0.00;0.00;0.00;0.00;0.00;
02;B17368              ;7591404000077 ;CREY-0502           ;                    ;LYMACREAM MEDIO 195g                                                                                ;12.00;252.00;0.00;1;2873.00;0.00;723996.00;12.00;86879.52;0.00;0.00;                    ;        ;887                 ;0.00;0.00;0.00;0.00;0.00;0.00;
02;B17368              ;7591404001043 ;LOCN-0510           ;                    ;BODY LOT. FRAMBUESA COQUETA 230ml                                                                   ;12.00;504.00;0.00;1;1225.00;0.00;617400.00;12.00;74063.81;0.00;0.00;                    ;        ;887                 ;0.00;0.00;0.00;0.00;0.00;0.00;
02;B17368              ;7591404000657 ;ACEC-0501           ;                    ;ROSA DEL SUR 15 Cm3                                                                                 ;12.00;120.00;0.00;1;4560.00;0.00;547200.00;12.00;65664.00;0.00;0.00;                    ;        ;887                 ;0.00;0.00;0.00;0.00;0.00;0.00;
02;B17368              ;7591404002064 ;LOCC-0501           ;                    ;LOCN.CORP.ACEITE ROSA MOSQUETA 200Cm3                                                               ;12.00;120.00;0.00;1;1560.00;0.00;187200.00;12.00;22464.00;0.00;0.00;                    ;        ;887                 ;0.00;0.00;0.00;0.00;0.00;0.00;
02;B17368              ;7591404001036 ;LOCN-0508           ;                    ;BODY LOT. NARANJA ENSUEÑO N/F 230ml                                                                 ;12.00;396.00;0.00;1;1225.00;0.00;485100.00;12.00;58192.99;0.00;0.00;                    ;        ;887                 ;0.00;0.00;0.00;0.00;0.00;0.00;
02;B17368              ;7591404001906 ;LOCN-0505           ;                    ;BODY LOT. FRESCA VAINILLA 230ml                                                                     ;12.00;1752.00;0.00;1;1225.00;0.00;2146200.00;12.00;257459.90;0.00;0.00;                    ;        ;887                 ;0.00;0.00;0.00;0.00;0.00;0.00;
02;B17368              ;7591404001913 ;LOCN-0506           ;                    ;BODY LOT. HISTORIA DE AMOR N/F 230ml                                                                ;12.00;648.00;0.00;1;1225.00;0.00;793800.00;12.00;95224.90;0.00;0.00;                    ;        ;887                 ;0.00;0.00;0.00;0.00;0.00;0.00;
01;B16142              ;20161102;7591472900101       ;FARMATODO                                         ;O/C 3247799    ;20160312;0.00;0.00;30 DIAS                                                     ;0030;O/C 3247799                                                                                                                                                                                                                                                                                                                                                   ;0;22752.00;6838867.20;0.00;820664.06;7659531.26;887                 ;INDUSTRIAS CORAMODIO C.A.                         ;                                   ;                                   ;12.00;0.00;0.00;0.00;0.00;0.00;0.00;0.00;0.00
02;B16142              ;7591404000176 ;GELY-0502           ;                    ;LYMAGEL ROSADO 300g                                                                                 ;24.00;456.00;0.00;1;926.00;0.00;422256.00;12.00;50692.61;0.00;0.00;                    ;        ;887                 ;0.00;0.00;0.00;0.00;0.00;0.00;
02;B16142              ;7591404001876 ;GELA-0501           ;                    ;PUREZA 200g                                                                                         ;12.00;1932.00;0.00;1;272.00;0.00;525504.00;12.00;63060.48;0.00;0.00;                    ;        ;887                 ;0.00;0.00;0.00;0.00;0.00;0.00;
02;B16142              ;7591404000817 ;GELC-0501           ;                    ;GEL ICE MENTOLADO  240g                                                                             ;12.00;204.00;0.00;1;512.00;0.00;104448.00;12.00;12533.76;0.00;0.00;                    ;        ;887                 ;0.00;0.00;0.00;0.00;0.00;0.00;
02;B16142              ;7591404002132 ;GELA-0507           ;                    ;PUREZA 80g                                                                                          ;24.00;4992.00;0.00;1;192.00;0.00;958464.00;12.00;115015.68;0.00;0.00;                    ;        ;887                 ;0.00;0.00;0.00;0.00;0.00;0.00;
02;B16142              ;7591404002064 ;LOCC-0501           ;                    ;LOCN.CORP.ACEITE ROSA MOSQUETA 200Cm3                                                               ;12.00;576.00;0.00;1;960.00;0.00;552960.00;12.00;66355.20;0.00;0.00;                    ;        ;887                 ;0.00;0.00;0.00;0.00;0.00;0.00;
02;B16142              ;7591404002231 ;GELA-0509           ;                    ;PUREZA CON ALOE VERA 80g                                                                            ;24.00;1584.00;0.00;1;216.00;0.00;342144.00;12.00;41057.28;0.00;0.00;                    ;        ;887                 ;0.00;0.00;0.00;0.00;0.00;0.00;
02;B16142              ;7591404002217 ;GELA-0508           ;                    ;PUREZA CON ALOE VERA 200g                                                                           ;12.00;3108.00;0.00;1;362.00;0.00;1125096.00;12.00;134862.34;0.00;0.00;                    ;        ;887                 ;0.00;0.00;0.00;0.00;0.00;0.00;
02;B16142              ;7591404002248 ;GELA-0510           ;                    ;PUREZA CON ALOE VERA 1L                                                                             ;12.00;264.00;0.00;1;829.00;0.00;218856.00;12.00;26256.38;0.00;0.00;                    ;        ;887                 ;0.00;0.00;0.00;0.00;0.00;0.00;
02;B16142              ;7591404001869 ;GELA-0503           ;                    ;PUREZA  1L                                                                                          ;12.00;216.00;0.00;1;784.00;0.00;169344.00;12.00;20321.28;0.00;0.00;                    ;        ;887                 ;0.00;0.00;0.00;0.00;0.00;0.00;
02;B16142              ;7591404002286 ;GELA-0513           ;                    ;PUREZA TEENS C/ALOE UVA 80g                                                                         ;24.00;1440.00;0.00;1;216.00;0.00;311040.00;12.00;37324.80;0.00;0.00;                    ;        ;887                 ;0.00;0.00;0.00;0.00;0.00;0.00;
02;B16142              ;7591404002279 ;GELA-0514           ;                    ;PUREZA TEENS C/ALOE TUTTYFRUTTY 80g                                                                 ;24.00;7008.00;0.00;1;216.00;0.00;1513728.00;12.00;181647.36;0.00;0.00;                    ;        ;887                 ;0.00;0.00;0.00;0.00;0.00;0.00;
02;B16142              ;7591404002200 ;GELC-0504           ;                    ;GEL DE ARNICA 80g                                                                                   ;12.00;804.00;0.00;1;584.00;0.00;469536.00;12.00;56344.32;0.00;0.00;                    ;        ;887                 ;0.00;0.00;0.00;0.00;0.00;0.00;
02;B16142              ;7591404001036 ;LOCN-0508           ;                    ;BODY LOT. NARANJA ENSUEÑO N/F 230ml                                                                 ;12.00;168.00;0.00;1;754.00;0.00;126672.00;12.00;15192.57;0.00;0.00;                    ;        ;887                 ;0.00;0.00;0.00;0.00;0.00;0.00;
01;B16993              ;20161108;7591472900101       ;FARMATODO                                         ;O/C3259275     ;20160910;0.00;0.00;30 DIAS                                                     ;0030;O/C3259275                                                                                                                                                                                                                                                                                                                                                    ;0;3564.00;5446320.00;0.00;653558.40;6099878.40;887                 ;INDUSTRIAS CORAMODIO C.A.                         ;                                   ;                                   ;12.00;0.00;0.00;0.00;0.00;0.00;0.00;0.00;0.00
02;B16993              ;7591404000152 ;GELY-0501           ;                    ;LYMAGEL PREMIUM 250g                                                                                ;12.00;48.00;0.00;1;1720.00;0.00;82560.00;12.00;9908.12;0.00;0.00;                    ;        ;887                 ;0.00;0.00;0.00;0.00;0.00;0.00;
02;B16993              ;7591404000176 ;GELY-0502           ;                    ;LYMAGEL ROSADO 300g                                                                                 ;24.00;408.00;0.00;1;1204.00;0.00;491232.00;12.00;58963.51;0.00;0.00;                    ;        ;887                 ;0.00;0.00;0.00;0.00;0.00;0.00;
02;B16993              ;7591404000077 ;CREY-0502           ;                    ;LYMACREAM MEDIO 195g                                                                                ;12.00;504.00;0.00;1;2298.00;0.00;1158192.00;12.00;139007.23;0.00;0.00;                    ;        ;887                 ;0.00;0.00;0.00;0.00;0.00;0.00;
02;B16993              ;7591404001043 ;LOCN-0510           ;                    ;BODY LOT. FRAMBUESA COQUETA 230ml                                                                   ;12.00;696.00;0.00;1;980.00;0.00;682080.00;12.00;81822.87;0.00;0.00;                    ;        ;887                 ;0.00;0.00;0.00;0.00;0.00;0.00;
02;B16993              ;7591404000657 ;ACEC-0501           ;                    ;ROSA DEL SUR 15 Cm3                                                                                 ;12.00;396.00;0.00;1;3648.00;0.00;1444608.00;12.00;173352.96;0.00;0.00;                    ;        ;887                 ;0.00;0.00;0.00;0.00;0.00;0.00;
02;B16993              ;7591404002064 ;LOCC-0501           ;                    ;LOCN.CORP.ACEITE ROSA MOSQUETA 200Cm3                                                               ;12.00;396.00;0.00;1;1248.00;0.00;494208.00;12.00;59304.96;0.00;0.00;                    ;        ;887                 ;0.00;0.00;0.00;0.00;0.00;0.00;
02;B16993              ;7591404001036 ;LOCN-0508           ;                    ;BODY LOT. NARANJA ENSUEÑO N/F 230ml                                                                 ;12.00;204.00;0.00;1;980.00;0.00;199920.00;12.00;23982.57;0.00;0.00;                    ;        ;887                 ;0.00;0.00;0.00;0.00;0.00;0.00;
02;B16993              ;7591404001906 ;LOCN-0505           ;                    ;BODY LOT. FRESCA VAINILLA 230ml                                                                     ;12.00;312.00;0.00;1;980.00;0.00;305760.00;12.00;36679.22;0.00;0.00;                    ;        ;887                 ;0.00;0.00;0.00;0.00;0.00;0.00;
02;B16993              ;7591404001913 ;LOCN-0506           ;                    ;BODY LOT. HISTORIA DE AMOR N/F 230ml                                                                ;12.00;600.00;0.00;1;980.00;0.00;588000.00;12.00;70536.96;0.00;0.00;                    ;        ;887                 ;0.00;0.00;0.00;0.00;0.00;0.00;
01;B17404              ;20161124;7591472900101       ;FARMATODO                                         ;O/C 3264792    ;20161224;0.00;0.00;30 DIAS                                                     ;0030;O/C 3264792                                                                                                                                                                                                                                                                                                                                                   ;0;26904.00;14988822.00;0.00;1798658.64;16787480.64;887                 ;INDUSTRIAS CORAMODIO C.A.                         ;                                   ;                                   ;12.00;0.00;0.00;0.00;0.00;0.00;0.00;0.00;0.00
02;B17404              ;7591404001876 ;GELA-0501           ;                    ;PUREZA 200g                                                                                         ;12.00;12468.00;0.00;1;688.00;0.00;8577984.00;12.00;1028610.00;0.00;0.00;                    ;        ;887                 ;0.00;0.00;0.00;0.00;0.00;0.00;
02;B17404              ;7591404000817 ;GELC-0501           ;                    ;GEL ICE MENTOLADO  240g                                                                             ;12.00;2196.00;0.00;1;832.00;0.00;1827072.00;12.00;219248.64;0.00;0.00;                    ;        ;887                 ;0.00;0.00;0.00;0.00;0.00;0.00;
02;B17404              ;7591404002132 ;GELA-0507           ;                    ;PUREZA 80g                                                                                          ;24.00;12240.00;0.00;1;375.00;0.00;4590000.00;12.00;550800.00;0.00;0.00;                    ;        ;887                 ;0.00;0.00;0.00;0.00;0.00;0.00;
